2016 01 07 04 25
2016 01 08 03 58
2016 01 18 21 40
2016 01 24 23 28
2016 01 27 23 17
2016 02 03 04 57
2016 02 03 08 12
2016 02 04 23 43
2016 02 05 17 36
2016 02 07 10 31
2016 02 09 08 49
2016 02 21 15 25
2016 02 22 17 14
2016 03 02 09 57
2016 03 06 10 02
2016 03 08 03 57
2016 03 10 09 51
2016 04 11 08 35
2016 04 22 04 22
2016 04 25 20 15
2016 05 21 14 34
2016 05 21 16 59
2016 05 24 05 07
2016 06 07 11 54
2016 06 16 10 15
2016 06 26 20 12
2016 07 18 09 36
2016 07 19 16 21
2016 07 22 10 37
2016 07 24 03 08
2016 08 24 14 51
2016 09 14 10 29
2016 09 18 06 27
2016 09 24 20 29
2016 10 02 11 29
2016 10 04 16 00
2016 10 13 11 53
2016 10 15 13 01
2016 10 16 11 19
2016 10 18 03 52
2016 11 13 21 46
2016 11 18 22 50
2016 11 19 17 36
2016 11 23 01 22
2016 11 26 14 25
2016 12 04 07 01
2016 12 20 00 29
2016 12 21 07 51
2016 12 24 16 17
2016 12 27 05 47
